 1114285.854654 9.950E-25 6.368E-03.08610.410  382.51690.70-.015770          1 0 3          0 0 0  4  3  1        4  3  2      355423802767663152    27.0   27.0
 1114394.413746 1.678E-29 3.360E-03.05400.298 2701.88850.41-.012479         -2-2-2          0 0 0 11 11  0       10 10  1      132232477291712250    69.0   63.0
 1114527.541049 3.768E-30 2.078E-06.06590.298 1446.12830.61-.033450          3 3 0          0 0 0  9  0  9       10  3  8      232230807294713152    57.0   63.0
 1114702.491167 7.477E-30 1.292E-06.06710.352  927.74390.59-.012627         -2-2-2          0 0 0  7 -1 -1        7  4  4      132232477291712250    15.0   15.0
 1114871.084406 2.239E-30 1.090E-04.04300.250 2414.72340.37-.012708         -2-2-2          0 0 0 12 -3 -3       13  3 10      132232477291712250    75.0   81.0
 1115014.021181 1.835E-28 1.550E-04.06070.352 1216.18980.57-.029330          4 1 0          0 0 0  6  5  1        7  6  2      334243807294713152    13.0   15.0
 1115121.114731 1.017E-30 2.794E-05.05880.298 2254.28370.59-.017500          2 1 2          0 0 0 10  5  6       10  8  3      332230807294713152    63.0   63.0
 1115220.658917 2.820E-29 1.144E-05.06830.352 1059.64670.68-.030780          3 3 0          0 0 0  6  6  0        7  5  3      334223807294713152    13.0   15.0
 1115308.793307 1.195E-29 8.026E-06.07170.315 1216.23130.64-.040000          1 1 3          0 0 0  8  1  8        9  3  7      334223807294713152    17.0   19.0
 1115392.017044 1.492E-27 1.129E-04.07520.352  709.60820.62-.025750          0 3 3          0 0 0  6  2  5        7  2  6      334223807294713152    13.0   15.0
 1115477.843741 4.343E-28 3.109E-05.09040.371  661.54890.73-.027040          2 1 2          0 0 0  5  2  4        6  3  3      334223807294713152    11.0   13.0
 1115575.731356 3.571E-30 1.684E-04.08670.352 2309.73010.61-.005080          3 2 1          0 1 0  8  3  5        7  1  6      332930807294712252    51.0   45.0
 1115687.895926 2.382E-29 3.566E-06.05660.315  920.21000.50-.026520          0 3 3          0 0 0  9  1  8        9  1  9      332230807294713152    19.0   19.0
 1115822.958467 3.250E-28 9.167E-05.05400.298 1293.63410.45-.013165         -2-2-2          0 0 0 10  3  8       10  2  9      132232477291712250    63.0   63.0
 1115975.290002 1.260E-29 2.612E-05.05400.298 1718.71880.41-.013238         -2-2-2          0 0 0 11 -3 -3       10  5  6      132232477291712250    69.0   63.0
 1116193.342279 4.714E-29 2.267E-06.05810.315  920.16830.45-.013342         -2-2-2          0 0 0 10 -4 -4        9  0  9      132232477291712250    63.0   57.0
 1116390.304753 6.238E-30 3.140E-08.08240.412  224.83840.73-.013437         -2-2-2          0 0 0  3  3  1        4  1  4      132232477291712250    21.0   27.0
 1116522.012549 1.307E-29 3.862E-06.06710.352 1216.19450.59-.013500         -2-2-2          0 0 0  7  3  4        7  6  1      132232477291712250    45.0   45.0
 1116625.517613 4.593E-28 4.155E-05.06240.333  744.06370.53-.013550         -2-2-2          0 0 0  7 -1 -1        8  0  8      132232477291712250    15.0   17.0
 1116713.003008 4.878E-28 9.608E-05.07770.352  927.74390.68-.040000          1 4 2          0 0 0  8  1  7        7  4  4      334223807294713152    17.0   15.0
 1116797.004965 1.123E-28 3.511E-06.08620.391  416.20870.70-.006080          2 4 1          0 0 0  4  4  1        5  2  4      234223807294713152     9.0   11.0
 1116881.480534 2.305E-30 3.572E-04.03680.221 2631.26880.36-.013673         -2-2-2          0 0 0 14 -3 -3       15  1 14      132232477291712250    87.0   93.0
 1116953.520651 1.420E-28 1.292E-04.05590.281 1524.84790.54-.040000          4 2 0          0 0 0 11  2  9       11  1 10      334223807294713152    69.0   69.0
 1117030.423963 3.935E-30 1.214E-04.08700.391 2130.49420.73-.021220          5 1 0          0 1 0  6  4  3        5  3  2      332230807294713152    39.0   33.0
 1117123.884057 1.946E-29 2.890E-07.07140.352  586.24350.60-.022470          0 4 3          0 0 0  7  2  6        7  0  7      332230807294713152    45.0   45.0
 1117218.461821 3.956E-30 1.306E-03.05010.281 2522.26160.39-.013834         -2-2-2          0 0 0 12 -1 -1       11  8  4      132232477291712250    25.0   23.0
 1117316.809802 4.033E-29 2.057E-05.06240.333 1131.77560.49-.013882         -2-2-2          0 0 0  9 -1 -1        8  4  4      132232477291712250    19.0   17.0
 1117420.679156 4.949E-27 3.871E-05.07190.371  447.25240.59-.013931         -2-2-2          0 0 0  7  3  5        6  1  6      132232477291712250    45.0   39.0
 1117541.197473 1.940E-26 7.288E-05.09760.434  136.76170.74-.005800          2 0 3          0 0 0  3  2  2        3  0  3      344223802894713152    21.0   21.0
 1117688.000441 1.115E-30 1.591E-06.05400.298 1581.33600.45-.014060         -2-2-2          0 0 0 10 -4 -4       10  4  7      132232477291712250    63.0   63.0
 1117891.053669 2.046E-30 1.421E-07.06240.333  885.60020.53-.014157         -2-2-2          0 0 0  7  3  4        8  2  7      132232477291712250    45.0   51.0
 1118052.895204 1.522E-28 1.282E-05.06240.333  744.06370.49-.014235         -2-2-2          0 0 0  9 -1 -1        8  0  8      132232477291712250    19.0   17.0
 1118178.082393 6.716E-30 2.319E-06.06240.333  982.91170.53-.014295         -2-2-2          0 0 0  7 -1 -1        8  2  6      132232477291712250    15.0   17.0
 1118298.086090 1.795E-28 4.634E-06.07190.371  446.69660.59-.014353         -2-2-2          0 0 0  7  1  7        6  0  6      132232477291712250    15.0   13.0
 1118414.518955 1.019E-29 1.802E-06.05400.298 1114.54990.45-.014408         -2-2-2          0 0 0  9 -3 -3       10  1 10      132232477291712250    57.0   63.0
 1118526.933243 4.337E-30 9.070E-05.08810.434 1819.33510.77-.014462         -2-2-2          0 1 0  2 -4 -4        3  2  1      132232477291712250    15.0   21.0
 1118669.223879 5.477E-30 2.782E-08.08240.412  224.83840.73-.014531         -2-2-2          0 0 0  4  3  1        4  1  4      132232477291712250    27.0   27.0
 1118814.919490 5.110E-29 1.446E-05.08600.352  927.74390.72-.035460          2 1 3          0 0 0  7  2  5        7  4  4      234223807294713152    15.0   15.0
 1118974.245852 4.400E-30 5.184E-07.06240.333  744.06370.53-.014677         -2-2-2          0 0 0  7  3  5        8  0  8      132232477291712250    15.0   17.0
 1119141.712333 4.541E-30 2.078E-06.06710.352 1216.19450.59-.014757         -2-2-2          0 0 0  6  6  0        7  6  1      132232477291712250    39.0   45.0
 1119336.083156 5.381E-29 1.885E-06.08840.371  648.97870.72-.034920          3 4 1          0 0 0  5  1  5        6  3  4      334223807294713152    33.0   39.0
 1119476.925359 2.048E-27 1.026E-03.09170.315 1282.91910.75-.022090          5 0 1          0 0 0  8  3  5        9  3  6      234223807294713152    51.0   57.0
 1119588.936565 6.135E-28 3.010E-04.09380.333 1050.15770.77-.025280          6 0 0          0 0 0  8  2  6        8  3  5      334253807294713152    17.0   17.0
 1119702.197771 5.800E-27 2.913E-05.10330.096   79.49640.75-.005060          3 4 1          0 0 0  2  1  1        2  1  2      344323802894473152    15.0   15.0
 1119800.712571 1.458E-29 7.247E-04.03680.221 2358.30160.38-.015074         -2-2-2          0 0 0 16 -4 -4       15  0 15      132232477291712250    99.0   93.0
 1119909.997584 7.167E-29 6.697E-07.07700.391  399.45750.64-.015126         -2-2-2          0 0 0  6  1  5        5  1  4      132232477291712250    39.0   33.0
 1120055.200109 1.325E-30 4.542E-08.09410.456  136.16390.78-.015196         -2-2-2          0 0 0  1  0  1        2  2  0      142232627491712250     3.0    5.0
 1120212.966013 3.145E-30 7.071E-07.05810.315  920.21000.45-.015272         -2-2-2          0 0 0 10 -1 -1        9  1  9      142232627491712250    21.0   19.0
 1120351.942686 2.369E-28 8.581E-06.10160.412  315.77950.76-.028710          3 0 3          0 0 0  3  0  3        4  2  2      342230807494713152     7.0    9.0
 1120506.109038 2.739E-30 3.137E-05.04640.265 1774.61630.37-.015412         -2-2-2          0 0 0 13 -1 -1       12  1 11      142232627491712250    27.0   25.0
 1120649.538522 1.822E-28 5.605E-05.05810.315 1201.92150.45-.015481         -2-2-2          0 0 0 10 -4 -4        9  2  7      142232627491712250    63.0   57.0
 1120847.593400 1.453E-29 4.340E-06.06240.333 1122.70850.53-.015576         -2-2-2          0 0 0  7 -4 -4        8  4  5      142232627491712250    45.0   51.0
 1120991.293074 1.390E-30 1.683E-05.05400.298 1724.70540.45-.015645         -2-2-2          0 0 0 10 -1 -1       10  5  5      142232627491712250    21.0   21.0
 1121123.248951 1.927E-30 8.164E-06.04640.265 1557.84440.37-.015709         -2-2-2          0 0 0 13 -1 -1       12  0 12      142232627491712250    27.0   25.0
 1121248.519142 2.192E-30 1.815E-07.05810.315  920.16830.45-.015769         -2-2-2          0 0 0 10  6  4        9  0  9      142232627491712250    63.0   57.0
 1121385.368468 2.492E-27 4.572E-05.07700.391  508.81210.64-.015834         -2-2-2          0 0 0  6  4  3        5  3  2      142232627491712250    39.0   33.0
 1121611.801207 4.494E-29 1.993E-07.08810.434  136.76170.73-.015943         -2-2-2          0 0 0  4  0  4        3  0  3      142232627491712250    27.0   21.0
 1121867.562332 1.258E-30 7.870E-07.06240.333 1255.16680.53-.016066         -2-2-2          0 0 0  7  6  1        8  5  4      142232627491712250    45.0   51.0
 1122043.943065 6.258E-29 4.431E-07.08240.412  224.83840.73-.016150         -2-2-2          0 0 0  4  3  1        4  1  4      142232627491712250    27.0   27.0
 1122220.649547 1.539E-30 3.477E-08.08240.412  275.49700.69-.016235         -2-2-2          0 0 0  5  4  2        4  1  3      142232627491712250    11.0    9.0
 1122378.809621 4.472E-30 6.692E-07.07190.371  661.54890.64-.016311         -2-2-2          0 0 0  5 -1 -1        6  3  3      132232627291712250    11.0   13.0
 1122501.194961 3.054E-30 1.960E-04.03680.221 2358.29960.38-.016370         -2-2-2          0 0 0 16 -4 -4       15  0 15      132232627291712250    99.0   93.0
 1122623.485910 3.702E-30 3.120E-07.07190.371  602.77350.59-.016429         -2-2-2          0 0 0  7 -2 -2        6  2  4      132232627291712250    15.0   13.0
 1122778.827384 4.761E-29 4.233E-06.06240.333  885.60020.49-.016503         -2-2-2          0 0 0  9 -4 -4        8  2  7      142232627491712250    57.0   51.0
 1123075.368292 6.201E-30 4.064E-07.07190.371  542.90580.59-.016646         -2-2-2          0 0 0  7 -1 -1        6  1  5      142232627491712250    15.0   13.0
 1123355.173687 5.180E-29 3.419E-07.09410.456  134.90160.77-.016780         -2-2-2          0 0 0  3  2  2        2  2  1      142232627491712250    21.0   15.0
 1123571.824141 1.386E-30 2.697E-08.07700.391  446.51070.69-.016884         -2-2-2          0 0 0  5  5  0        5  2  3      142232627491712250    33.0   33.0
 1123793.929134 1.175E-30 8.284E-07.05400.298 1293.63410.45-.016990         -2-2-2          0 0 0  9 -4 -4       10  2  9      142232627491712250    57.0   63.0
 1123954.003035 9.100E-28 8.926E-06.08810.434  136.76170.77-.017067         -2-2-2          0 0 0  2  0  2        3  0  3      142232627491712250    15.0   21.0
 1124085.717259 8.292E-29 2.534E-06.08810.434  142.27850.77-.017130         -2-2-2          0 0 0  2  0  2        3  1  3      142232627491712250     5.0    7.0
 1124267.133682 1.057E-28 8.528E-07.08810.434  212.15640.73-.017218         -2-2-2          0 0 0  4  2  2        3  2  1      142232627491712250    27.0   21.0
 1124677.844348 7.633E-30 2.078E-07.06710.352  586.24350.53-.017415         -2-2-2          0 0 0  8 -4 -4        7  0  7      142232627491712250    51.0   45.0
 1124857.943359 1.129E-30 1.325E-07.07190.371  602.77350.64-.017501         -2-2-2          0 0 0  6  1  5        6  2  4      142232627491712250    13.0   13.0
